> A <- matrix(c(2,0,1,3), ncol = 2)
> B <- matrix(c(5,2,4,-1), ncol = 2)
> A+B
     [,1] [,2]
[1,]    7    5
[2,]    2    2
> A-B
     [,1] [,2]
[1,]   -3   -3
[2,]   -2    4
> C <- c(4,1,2,3)
> diag(C)
     [,1] [,2] [,3] [,4]
[1,]    4    0    0    0
[2,]    0    1    0    0
[3,]    0    0    2    0
[4,]    0    0    0    3
> D <- c(3,2,2,2,2)
> E <- cbind(D, rbind(c(1,1,1,1), diag(3,4)))
> E
     D        
[1,] 3 1 1 1 1
[2,] 2 3 0 0 0
[3,] 2 0 3 0 0
[4,] 2 0 0 3 0
[5,] 2 0 0 0 3
> D <- diag(x = 3, nrow = 5)
> D
     [,1] [,2] [,3] [,4] [,5]
[1,]    3    0    0    0    0
[2,]    0    3    0    0    0
[3,]    0    0    3    0    0
[4,]    0    0    0    3    0
[5,]    0    0    0    0    3
> D <- rbind(c(3,1,1,1,1), cbind(c(2,2,2,2), diag(x=3, nrow = 4)))
> D
     [,1] [,2] [,3] [,4] [,5]
[1,]    3    1    1    1    1
[2,]    2    3    0    0    0
[3,]    2    0    3    0    0
[4,]    2    0    0    3    0
[5,]    2    0    0    0    3
